"","Stream","Watershed","Gap_location","Aquatic_Transect_width","Terrestrial_Transect_Live_Richness","Gap_Diameter","Gap_Area","Year_Gapformation","Terrestrial_Total_Snag_Density","Terrestrial_Ash_Snag_Density","Terrestrial_Elm_Snag_Density","Terrestrial_Total_CWD_Density_m","Terrestrial_Ash_CWD_Density_m","Terrestrial_Elm_CWD_Density_m","Terrestrial_1_CWD_Density_m","Terrestrial_2_CWD_Density_m","Terrestrial_3_CWD_Density_m","Terrestrial_Total_Live_Density","Terrestrial_Ash_Live_Density","Terrestrial_Elm_Live_Density","Terrestrial_Basswood_Live_Density","Terrestrial_Oak_Live_Density","Terrestrial_Cherry_Live_Density","Terrestrial_Hickory_Live_Density","Terrestrial_Acer_Live_Density","Terrestrial_Beech_Live_Density","Terrestrial_Buckthorn_Live_Density","Terrestrial_Walnut_Live_Density","Terrestrial_Hophornbeam_Live_Density","Terrestrial_Aspen_Live_Density","Aquatic_LWFreq","Aquatic_InSitFreq","Aquatic_LJFreq","Aquatic_LWDens","Aquatic_LWvolpL","Aquatic_LWvolpa","Aquatic_JvolpL","log10Gap_Area","log10Year_Gapformation","Year_Gapformation_t","log10Terrestrial_Total_Live_Density","log10Terrestrial_Ash_Live_Density","sqrtTerrestrial_Ash_Live_Density","Terrestrial_Ash_Live_Density_bi","log10Terrestrial_Elm_Live_Density","sqrtTerrestrial_Elm_Live_Density","Terrestrial_Elm_Live_Density_bi","log10Terrestrial_Basswood_Live_Density","sqrtTerrestrial_Basswood_Live_Density","Terrestrial_Basswood_Live_Density_bi","log10Terrestrial_Oak_Live_Density","log10Terrestrial_Cherry_Live_Density","sqrtTerrestrial_Cherry_Live_Density","Terrestrial_Cherry_Live_Density_bi","log10Terrestrial_Hickory_Live_Density","Terrestrial_Hickory_Live_Density_bi","log10Terrestrial_Acer_Live_Density","log10Terrestrial_Beech_Live_Density","sqrtTerrestrial_Beech_Live_Density","Terrestrial_Beech_Live_Density_bi","log10Terrestrial_Buckthorn_Live_Density","sqrtTerrestrial_Buckthorn_Live_Density","Terrestrial_Buckthorn_Live_Density_bi","log10Terrestrial_Hophornbeam_Live_Density","sqrtTerrestrial_Hophornbeam_Live_Density","Terrestrial_Hophornbeam_Live_Density_bi","log10Terrestrial_Aspen_Live_Density","sqrtTerrestrial_Aspen_Live_Density","Terrestrial_Aspen_Live_Density_bi","log10Terrestrial_Total_Snag_Density","log10Terrestrial_Elm_Snag_Density","sqrtTerrestrial_Elm_Snag_Density","Terrestrial_Elm_Snag_Density_bi","log10Terrestrial_Total_CWD_Density","log10Terrestrial_Ash_CWD_Density","log10Terrestrial_2_CWD_Density","log10Terrestrial_3_CWD_Density"
"Stream",1,NA,0,-0.396484655194201,-0.0407531285340164,-0.656954846566817,-0.618281294550263,NA,0.522640569448375,0.595408258003206,0.0523041326780784,0.40833655910257,0.425303216969656,-0.153166187047467,0.46455656191187,0.591413544725476,0.0120988731889791,-0.686859368458858,0.135442531706236,0.140353217358373,0.358761483442448,-0.688950947453427,0.0520189428059688,0.169043206741384,-0.303511267690453,-0.179570531390972,0.129770865772726,0.0774387818839552,-0.091870055836461,-0.64631640558506,-0.331323286778862,0.272008451825648,-0.330194271388047,-0.0583350729980729,-0.327512861595607,-0.207094344822046,-0.343863817380743,-0.468184125161332,NA,NA,-0.64877755840376,0.161737968585902,0.200473809997247,0.489485669605941,0.149012381494617,0.14696008041471,0.122863229433271,0.404407483170202,0.397462719313444,0.392522785197031,-0.598214214711167,-0.00180491604892816,0.0248531813254721,-0.176053643005582,0.169043206741384,0.317278639361531,-0.217658760619387,-0.167583063033636,-0.175976995793795,-0.19906930437065,0.140970680571271,0.136426268326953,0.0846082620067703,-0.120883507101879,-0.105910373205736,-0.297850830238434,-0.646187257384819,-0.646236376906115,NA,0.340108661231874,0.0428066361716946,0.049209373047396,0,0.288665181673859,0.224278145978213,0.386625438097621,0.181241076994384
"Watershed",NA,1,0,0.459608625051826,0.107023526798476,0.544583608095632,0.459005238111224,0.999900013057999,-0.569032180201271,-0.750560775963652,0,-0.396442110750268,-0.537278286674089,0.413032351375574,-0.476212835816214,-0.604719486379908,-0.000724209996671489,0.698813914744279,-0.285703067462719,-0.0685679173112915,-0.663568239725002,0.771758378683986,-0.0372208188573951,-0.244329459116688,0.235736610004171,0.440091430647666,-0.047165896596925,0,0.0487683338371354,0.603806962449797,0.362721626946957,-0.479603825909577,0.301056011281927,0.0267958906884275,0.350680516799623,0.220906989680237,0.294722550154479,0.245318847097424,0.999900014429347,0.999900013057999,0.681478854798192,-0.307443933185759,-0.337620869673737,-0.62281284813948,-0.0877898646425159,-0.0810216886287732,0,-0.574069442249553,-0.630790150799255,-0.550042823219401,0.68768530362115,0.0164526864236529,-0.0110951560626234,0.254338485817487,-0.244329459116822,-0.415258267019281,0.207203834925365,0.329512227987095,0.388514056915618,0.263392028059934,-0.0544127681816864,-0.0514275636884798,-1.77635683940025e-12,0.0897820145283804,0.0680884043165959,0.313488620473125,0.60271578718249,0.603092805484915,0.986639067545421,-0.440349156329706,3.5527136788005e-12,0,0,-0.279443138605645,-0.32948877300314,-0.385378435281108,-0.241058880993031
"Gap_location",0,0,1,0,-0.158410826636679,0,0,1.4210854715202e-13,0.0228827420192718,-0.113178246232265,0,-0.0971896728970206,-0.160455780146821,0.413032351375574,-0.130046656258924,0.230499782614302,-0.311702688608407,-0.0915433851675879,-0.599573052338684,0,0.0174457143570014,-0.254333863274792,0.277428872121943,0,0.191278786602438,0.243814790903991,0.379173400290185,0.313788240032778,-0.451315669170341,-0.275620264595556,-0.211920304552072,-0.281765636151379,0.0614355949137419,-0.325129264681733,-0.0195621540377449,-0.111519307660728,0.447831993081891,0,0,3.5527136788005e-12,-0.0647449187107315,-0.588315301823535,-0.561226420586618,-0.62281284813948,0,0,0,-0.161892446881604,-0.0565564217913837,-0.380992954560085,-0.194594574784784,0.260042307023414,0.267916912490844,0.263392028059934,0,0,0.161059075980741,0.0275301649420252,0.135911575401263,-0.254338485817122,0.324282110821803,0.351319638234593,0.263392028059934,-0.386312118021675,-0.422553053131059,-0.3134886204731,-0.257273833587447,-0.265359928098703,-0.415258267019281,-0.0615109069114947,3.5527136788005e-12,0,0,-0.0839006974755024,-0.322200483999069,0.434630821785465,-0.317839846016848
"Aquatic_Transect_width",-0.396484655194201,0.459608625051826,0,1,0.0707051544942181,0.56160653731062,0.49063194162637,0.237874120169733,-0.134007906452974,-0.164952047968965,-0.248828454446176,-0.290598875578344,-0.199451193608356,-0.0956489568738901,-0.207269476972239,0.0686503442731897,-0.2999645604636,0.337324220538367,-0.170284166709548,-0.555839348551145,-0.201354132256849,0.471536006723986,0.383053209149073,-0.446326287744751,0.150862686694063,-0.0399879190752827,-0.200469621907983,-0.358798848065403,0.106418247478734,0.479455149712639,-0.108614987855396,-0.435019871847873,0.142417127516734,-0.494327729523009,0.268549463444038,-0.0182501819597842,0.455427714639863,0.424509896410525,0.237508127784266,0.237874120169733,0.266064201939488,-0.155386918771172,-0.131557845582248,-0.0598251729620471,-0.599028510794963,-0.580574436904666,-0.712910930985606,0.0455922491861475,-0.0899753890135238,0.361126511895384,0.623260246956952,0.395930515248998,0.389769745258177,0.525931234806763,-0.446326287744751,-0.796869737620593,-0.00334482349105285,-0.0594296648860581,-0.0505704704457637,-0.0686291026634094,-0.164148441422785,-0.183245062821789,0.0235253109684402,0.112691020434423,0.109874425175365,0.192319722721591,0.4812907775728,0.480663138898181,0.986341628030574,-0.292755494742536,-0.230690087330225,-0.243386956829698,-0.207462842917776,-0.436058375419582,-0.288989393383194,0.0438080030044258,-0.484944490750202
"Terrestrial_Transect_Live_Richness",-0.0407531285340164,0.107023526798476,-0.158410826636679,0.0707051544942181,1,-0.0767731490092667,-0.108667688205676,0.080582296402538,0.520720465989337,0.222105623934348,0.30149926745755,-0.0365536314834899,0.108812751688876,-0.128836780420654,0.22831232973395,0.187264435344998,-0.301222435010364,-0.190101618901017,-0.0487594776116668,0.329584528453619,-0.0992803510269981,-0.187059072332287,0.168560606060606,-0.0833333333333333,-0.177524588415401,-0.150815667726376,0.332243016038225,0.26086186029041,0.23665076426961,0.143274884340057,-0.17516206919997,-0.327731277354301,-0.238131624573989,-0.158728297182652,0.0348813981442519,0.0237216842778415,-0.230126380630742,-0.200888391150707,0.0806709273354967,0.080582296402538,-0.0968529308921524,-0.0287262381336504,0.00168704408407168,0.164124927726371,0.326084573813322,0.326290390078803,0.511928993604028,-0.0662475252565557,-0.0962978529454359,0.238962984004597,-0.0447083520076373,0.232425529861463,0.196744955869449,0.702042549550993,-0.0833333333333333,-0.156215090214248,0.0901597523915007,-0.0233583304949447,-0.0941305107166111,0.348102680434206,0.398030073701671,0.366351068787126,0.71231550119218,0.33166374541365,0.282458793292113,0.778201049524587,0.157072686525957,0.151016349306424,0.296085510176105,0.690106387867002,0.374969445431723,0.327703393684874,0.992090692710741,0.256015755269089,0.230083128859991,0.217031198607176,0.0388225023831463
"Gap_Diameter",-0.656954846566817,0.544583608095632,0,0.56160653731062,-0.0767731490092667,1,0.991755177821962,0.405329934749851,-0.147578412582077,-0.110948778544595,-0.173194753407832,-0.241277802721542,-0.106381887262875,-0.160328364126038,-0.18210627294583,-0.104274264693873,-0.14846257022327,0.569084705159612,-0.138372796168029,-0.316361682900369,0.0387038473846151,0.60251737999489,0.28201045928688,-0.139836807124022,0.0229456618625886,-0.182269808996748,-0.151788385126301,-0.239387463285098,-0.194817419227911,0.771692596130184,-0.0394111869955816,-0.148268343199246,0.136310388362174,-0.209496312770276,0.0845671380427941,-0.0726231827743645,0.399972765943392,0.938020808416793,0.405075640389338,0.405329934749851,0.415673106710804,-0.143070942527848,-0.148847607423921,-0.354254661484815,-0.322532395012031,-0.320206112128475,-0.87779984439307,0.220359591158481,0.122889664484366,0.364310454629567,0.575191165441534,0.290298541803962,0.289530585783577,0.139164211926362,-0.139836807124022,-0.378756916662001,-0.180566171304611,-0.255158217699839,-0.219118464595899,-0.924578115559869,-0.124871351012449,-0.139491557127309,0.0861089239259443,-0.223159046429121,-0.209072559502965,-0.800701710860488,0.774647075667603,0.773636878741908,NA,-0.103323839891696,-0.196958717957652,-0.181911093782976,-0.771936475122698,-0.19912296187755,-0.120681476892164,0.00324782993885246,-0.177790485149188
"Gap_Area",-0.618281294550263,0.459005238111224,0,0.49063194162637,-0.108667688205676,0.991755177821962,1,0.358465428496782,-0.132472588501181,-0.0708016000686427,-0.189617294608003,-0.218602303142868,-0.0665513731555057,-0.192005418297254,-0.17182101473686,-0.101716777838447,-0.121613212269515,0.539348923367068,-0.0839720200877172,-0.33117499233877,0.0927733909463186,0.557790609386791,0.256272879777119,-0.106355609733215,0.0226506086054537,-0.208486330112822,-0.181745325176113,-0.263493769333176,-0.181743050491682,0.753709989193618,-0.0352394776536067,-0.0659228235885195,0.129548578710966,-0.170110604542843,0.0685910853224395,-0.0650512454674501,0.377831343108884,0.967856578663143,0.358248714778089,0.358465428496782,0.380587989558752,-0.0904274869362936,-0.0993256384353533,-0.248502710422273,-0.329930126049351,-0.331084299907337,-0.737824412820599,0.261625556622044,0.171901993189393,0.391621627143626,0.514361381553239,0.263939821731613,0.263545351642792,0.107439872900706,-0.106355609733215,-0.245086499484517,-0.184517108630793,-0.276977809237836,-0.243666934417719,-0.908752553582563,-0.158137477023331,-0.171213287738892,0.0372968397146666,-0.212409433195483,-0.197029268663477,-0.749597991803947,0.756595621051936,0.75560896455456,NA,-0.065962034445724,-0.210687331422153,-0.197460172848532,-0.754958780864792,-0.172610527703033,-0.0638618876459176,0.00943956830090076,-0.13005595014619
"Year_Gapformation",NA,0.999900013057999,1.4210854715202e-13,0.237874120169733,0.080582296402538,0.405329934749851,0.358465428496782,1,-0.452051084175142,-0.546376597347639,0.0286010355720677,-0.343166533568125,-0.408200591320632,0.275863604956785,-0.390207298283751,-0.559264486691287,0.0417005914022481,0.572541084408043,-0.18859923251214,0.00250948140109042,-0.423356892422184,0.584949307736135,-0.114463489208151,-0.141019018704442,0.249842290093368,0.286204865355471,-0.0434155219395656,0.0394140895238236,0.0778050370834645,0.401051403682825,0.360502649837741,-0.305947617650349,0.298379640671015,0.122167572378446,0.30388923601749,0.226119535392885,0.209929888113829,0.199824301031221,0.999999824888619,1,0.603392157899767,-0.214477415633697,-0.251487263612521,-0.52732465768493,-0.00655968008235056,-0.00437551427326569,0.105449201730729,-0.510960050313591,-0.481490761996468,-0.557560346813953,0.521929419427867,-0.0692617273059184,-0.0924831748284912,0.147329158199565,-0.141019018704442,-0.259895267375382,0.230743416961219,0.271395967986156,0.282820921777231,0.324143784885501,-0.0586608224870214,-0.0517486054785103,-0.0438826388160964,0.117565142478871,0.0968733574525232,0.361245367101536,0.40258685727092,0.402061854313683,0.938874310032638,-0.340526438991193,0.0329397630067395,0.0301828269420318,0.0826589581380213,-0.208989740901746,-0.228351911879636,-0.382084885032988,-0.133951900776551
"Terrestrial_Total_Snag_Density",0.522640569448375,-0.569032180201271,0.0228827420192718,-0.134007906452974,0.520720465989337,-0.147578412582077,-0.132472588501181,-0.452051084175142,1,0.904332196802281,0.0741142921576917,0.469297536042367,0.763251858357117,-0.187944238655312,0.685579919245611,0.699337262974042,-0.128799765362729,-0.402442572060285,0.170105276112818,0.139223556230985,0.258432400095529,-0.341004992566403,0.0154548715127172,-0.195894041118992,-0.32778529466741,-0.256975395056147,0.463579489314153,0.210426624821768,-0.0236693969405173,-0.084228314899774,-0.155626623999156,0.180689706637853,-0.221109333937136,-0.0279510349813925,-0.261928455253036,-0.198410703876685,0.0135239840701674,-0.0738715511117827,-0.452071581538429,-0.452051084175142,-0.441001807361242,0.223988938048198,0.30306553590145,0.634261504865549,0.174961077572789,0.157466143443907,0.269716623590207,0.292368072184192,0.271590029420421,0.561435262062251,-0.269364981311547,0.0221099997001701,0.0185411596500014,0.0762848581261925,-0.195894041118992,-0.573110660218543,-0.160470462049779,-0.274800607321439,-0.26925215493913,-0.489504638724823,0.533324628562178,0.500540202689724,0.751044147218559,-0.0136428775616344,-0.0190667731181644,0.0307593829367499,-0.0774091633260297,-0.0804622963301379,-0.162957373270519,0.793264078001431,0.0753914360142084,0.0747887811613192,0.114849007807383,0.520752613509061,0.631561272746165,0.567086804829432,0.232032272919129
"Terrestrial_Ash_Snag_Density",0.595408258003206,-0.750560775963652,-0.113178246232265,-0.164952047968965,0.222105623934348,-0.110948778544595,-0.0708016000686427,-0.546376597347639,0.904332196802281,1,-0.0912195443766264,0.573838389996228,0.886121390775078,-0.182458656451284,0.785290065578469,0.700919865513779,0.00153704746445095,-0.329260252600403,0.324562066571787,-0.0259605413816719,0.351152845700067,-0.29280735726143,-0.13974781379088,-0.0888583909708275,-0.237157846628104,-0.174223391502377,0.214482770752823,-0.0485543446192218,0.0167768864205236,-0.117237093552467,0.0118432190453832,0.421222014165808,-0.0174912399907365,0.149500832120723,-0.211449636200939,-0.113539610483538,0.0905969807207499,0.0422648862595409,-0.546407663269815,-0.546376597347639,-0.430575886416786,0.379215695052734,0.458046392028528,NA,0.0210239962501139,-0.000811311332790768,0.030681476799235,0.375119992933399,0.361179979732301,0.628350689086693,-0.282412798776473,-0.156396264889898,-0.146789371475904,-0.639390078516687,-0.0888583909708275,-0.228890453913414,-0.162008156463641,-0.179300679455425,-0.178470915399882,-0.369472652232425,0.274667801721606,0.245941705518012,0.404033534275102,-0.0172008625642057,0.000877805766222989,-0.23762150150691,-0.118609826295059,-0.118047120150519,-0.354852623507714,0.615955801606778,-0.106507788546988,-0.0967628564948197,-0.429815323945314,0.51973147690745,0.69681532829755,0.513316940375695,0.305352923536827
"Terrestrial_Elm_Snag_Density",0.0523041326780784,0,0,-0.248828454446176,0.30149926745755,-0.173194753407832,-0.189617294608003,0.0286010355720677,0.0741142921576917,-0.0912195443766264,1,-0.158481289282478,-0.12623659431649,0.262988545704433,-0.128417250657209,-0.11883147042673,-0.0806452879515665,-0.0643665748457388,-0.096420133773256,0.640281039746078,-0.118905690254862,-0.153811719242821,-0.0915947141643189,-0.088732379346684,-0.0527424514038485,-0.0859916394061917,0.227929351220028,0.518005077303449,-0.0747820589296469,-0.0883227380647933,-0.109537734805303,-0.161828141476544,-0.112990711907629,-0.0190237726039509,-0.187105568358656,-0.167010971959555,0.10140509492989,-0.278359997074936,0.0287747550904071,0.0286010355720677,0.00844725510738822,-0.100165174014966,-0.104895562120818,-0.451486486803925,0.533391678524164,0.584318503368513,0.48858023587221,-0.182973634407552,-0.152198599969137,-0.434754247955675,-0.235260078419433,-0.0979723813427077,-0.0943537085218708,-0.307947019757918,-0.0887323793466839,-0.380756767909314,0.0995552896147122,-0.107711304464018,-0.0975402792735648,-0.307947019757918,0.314586273722436,0.272826421413967,0.508244306567694,-0.0836164987371701,-0.0792924265257551,-0.25291574091448,-0.0886608878975245,-0.0885452675599581,-0.380756767909314,0.176003889973968,0.985948891565568,0.998351254835749,NA,-0.0587907484598534,-0.0749486824823299,-0.0510094970025183,0.0377474107831117
"Terrestrial_Total_CWD_Density_m",0.40833655910257,-0.396442110750268,-0.0971896728970206,-0.290598875578344,-0.0365536314834899,-0.241277802721542,-0.218602303142868,-0.343166533568125,0.469297536042367,0.573838389996228,-0.158481289282478,1,0.761260640164631,-0.234911429159278,0.656150120772958,0.609199962445491,0.70430430640602,-0.0811875342128456,-0.0287913026743779,-0.0338226790242909,0.395249770180414,0.0060504541290139,-0.00688038248787144,0.140454297276016,-0.298971092352362,-0.219226337700908,0.034175312874988,-0.119755175610127,-0.111460366640485,-0.257002494680047,-0.0894410643575113,0.311103406307125,-0.223366227418,0.0657631277101944,-0.248042721684879,-0.126421384808179,-0.207218402253589,-0.103861206507628,-0.34326593153428,-0.343166533568125,-0.0718768941915728,0.00291075264349552,0.0506011933626191,0.289893774366404,0.0301418037073574,1.68166900614037e-05,0.0799683104745025,0.250541993805213,0.335271801005045,0.120136972783217,-0.0205182659988001,-0.0362374892348704,-0.0205026000265758,-0.28277381404737,0.140454297276016,0.239951944437709,-0.161029559048603,-0.238182075569376,-0.230294500306136,-0.489717784795103,0.0534427827866831,0.0443317357351514,0.0815995593579262,-0.144695662414618,-0.12762033492797,-0.451746265136684,-0.256685010629378,-0.256925050346773,-0.752571224438935,0.256567243015957,-0.186673721717734,-0.168672541416806,-0.705402479984025,0.829221893987838,0.706608420680693,0.487772923408916,0.714131814266091
"Terrestrial_Ash_CWD_Density_m",0.425303216969656,-0.537278286674089,-0.160455780146821,-0.199451193608356,0.108812751688876,-0.106381887262875,-0.0665513731555057,-0.408200591320632,0.763251858357117,0.886121390775078,-0.12623659431649,0.761260640164631,1,-0.172244027450568,0.823746063767757,0.714615727349156,0.252588188933829,-0.175240328982137,0.134379725041226,-0.0762320409367524,0.523994888397212,-0.116646148955998,-0.16040378350231,-0.147637349248511,-0.282533026558742,-0.185025383696026,0.0324048273544319,-0.187636329216674,-0.103100815124201,-0.154886937694863,0.152071945113946,0.529142528658025,-0.0348010978625763,0.288042647192545,-0.0651882331267514,0.077090334788574,0.0329037781880391,0.0661952580959751,-0.408289272180063,-0.408200591320632,-0.237242852219474,0.180342484531103,0.247891834675202,0.500216649728986,0.0112635546221035,-0.0315856236715428,0.102822777651232,0.443448315035268,0.487033413809603,0.540247072408198,-0.0671611400194633,-0.168521938397714,-0.16360292726891,-0.4476427367311,-0.147637349248511,-0.473789699670878,-0.223846824882484,-0.22657355067086,-0.207108312447587,-0.730157303466636,0.0876117792197083,0.0606660322451433,0.227481447971849,-0.118952624582467,-0.111045994086489,-0.325806171219169,-0.152878699839354,-0.153828162670826,-0.493267649890672,0.43153651038153,-0.14071942415197,-0.13161448781554,-0.535383413640972,0.575132356930253,0.83823867194172,0.56877489398604,0.394788993776141
"Terrestrial_Elm_CWD_Density_m",-0.153166187047467,0.413032351375574,0.413032351375574,-0.0956489568738901,-0.128836780420654,-0.160328364126038,-0.192005418297254,0.275863604956785,-0.187944238655312,-0.182458656451284,0.262988545704433,-0.234911429159278,-0.172244027450568,1,-0.159821173159398,-0.144189708178206,-0.146337606165122,-0.212118911750022,-0.119999289947131,0.0859760372782483,-0.148818485202864,-0.143265274276085,-0.11545114089643,-0.110431526074847,-0.187302336444476,0.901857655174568,-0.0237989859170666,0.0864221199797801,-0.100353427373076,-0.109921708663936,0.248630660364042,0.0557085510875919,0.334392980038749,0.191299612235979,0.237122175559877,0.280207080746181,0.0787459370485662,-0.22116587268289,0.275806636990403,0.275863604956785,-0.195673562136167,-0.124660164727552,-0.130547350231893,-0.54835796771133,0.0408987674090404,0.0623694613890931,-0.0299253140862661,-0.232455714779802,-0.191706313155888,-0.713205421795609,-0.0473235824310448,-0.126318388733917,-0.120072180209448,-0.64093379004094,-0.110431526074847,-0.463653565693254,-0.219605258912153,0.759980983521362,0.846127356148809,0.441243727128449,-0.00658913789153457,-0.0150207724744093,0.0319515597269599,-0.117286545867209,-0.108794049344382,-0.54835796771133,-0.11034255167914,-0.110198656852733,-0.463653565693254,-0.295466140153146,0.247756174208256,0.258590615789389,0.197145945850369,-0.194285559333737,-0.250779417159908,-0.0443817714016841,-0.0995202384169293
"Terrestrial_1_CWD_Density_m",0.46455656191187,-0.476212835816214,-0.130046656258924,-0.207269476972239,0.22831232973395,-0.18210627294583,-0.17182101473686,-0.390207298283751,0.685579919245611,0.785290065578469,-0.128417250657209,0.656150120772958,0.823746063767757,-0.159821173159398,1,0.684882382539008,0.0306907169766979,-0.0739807889474394,-0.0950083700634067,0.213124855807407,0.380939203456312,-0.205870568535105,-0.187576748703949,0.208211742564682,-0.0621847222793993,-0.0855564713743477,0.126890719947919,-0.104844797858087,-0.156641162558692,-0.180070118452147,0.193747459640358,0.20446022844142,0.23012753344685,0.309664046616962,-0.0769751479370668,0.0564604179496658,0.0690488473999692,-0.120993906875816,-0.390230476704913,-0.390207298283751,-0.0991431535627282,-0.0454097003766478,0.0296553826936513,0.320557521030945,0.297354045538533,0.259200722849514,0.363614164352311,0.254542016574045,0.318158936951728,0.280078882702639,-0.182737094151801,-0.202259785381186,-0.193882692777668,-0.763649570109803,0.208211742564682,0.292406070270847,0.0148880730971369,-0.0400594976788015,-0.0638976244372587,-0.0155491000293075,0.174860286866854,0.151890234639596,0.275936983142369,-0.1780583570612,-0.167458303715202,-0.617434167151887,-0.180759529602306,-0.180523805842636,-0.647338680245552,0.369560671084018,-0.147897924603704,-0.135519416532716,-0.647338680245552,0.528693621027915,0.524648007273001,0.517106143503167,0.207802986854228
"Terrestrial_2_CWD_Density_m",0.591413544725476,-0.604719486379908,0.230499782614302,0.0686503442731897,0.187264435344998,-0.104274264693873,-0.101716777838447,-0.559264486691287,0.699337262974042,0.700919865513779,-0.11883147042673,0.609199962445491,0.714615727349156,-0.144189708178206,0.684882382539008,1,-0.0586074015852702,-0.139191646333984,-0.115905150977423,-0.103655828413,0.600864051161983,-0.179281026601032,0.307825834265467,-0.145804406756964,-0.244415305986169,-0.170334048706252,0.0234063024638035,-0.179306955701474,-0.137973829776656,-0.180996755517455,-0.104164741997605,0.210154333227969,-0.0784720323594278,-0.0426544703350593,-0.154209849194154,-0.109806119553869,0.0721682133496663,0.00914874893251556,-0.559490691938185,-0.559264486691287,-0.1461299476935,-0.0706110455126966,-0.00179696019569458,0.276570099574698,-0.0284255620937957,-0.0665329544395339,0.101465272092135,0.557687019571244,0.598710130547407,0.570052144658317,-0.051051948737571,0.284367865362791,0.295399366680546,0.238919207102918,-0.145804406756964,-0.428475690201475,-0.216275717664673,-0.227817646256738,-0.199774979737039,-0.840776318884901,0.0733384870107065,0.0490286239773149,0.192689078832388,-0.136472947406451,-0.137924365461768,-0.207639111733033,-0.180980073140936,-0.181057472964618,-0.616760949668324,0.469702157328527,-0.137452164476961,-0.12560765605054,-0.562247527196913,0.514975959719264,0.44300329131083,0.911301056448269,0.180405088466499
"Terrestrial_3_CWD_Density_m",0.0120988731889791,-0.000724209996671489,-0.311702688608407,-0.2999645604636,-0.301222435010364,-0.14846257022327,-0.121613212269515,0.0417005914022481,-0.128799765362729,0.00153704746445095,-0.0806452879515665,0.70430430640602,0.252588188933829,-0.146337606165122,0.0306907169766979,-0.0586074015852702,1,0.0335133198399264,0.0922653717131517,-0.156198356615099,0.0254395652744377,0.238124085732931,-0.0880080818198781,0.197324227934523,-0.208859850525677,-0.142239105049666,-0.168693213385677,-0.140127218625589,0.0133123840092214,-0.141089181900825,-0.0864865485457942,0.24131340601707,-0.319618872164715,0.0206737037710929,-0.180384729263123,-0.0995579858816654,-0.325645333360386,-0.0403707234447079,0.0416773565643379,0.0417005914022481,0.0535220015965717,0.0860964392863421,0.076031999682336,0.0595859986176294,-0.154489260292901,-0.155225574706176,-0.354893228482088,-0.0767663839307905,-0.0200403396132526,-0.315854309461249,0.125094383719964,-0.107649797912701,-0.0963805752811895,-0.603574405561901,0.197324227934523,0.263449184909036,-0.0917707237548452,-0.154082941900109,-0.149074099222694,-0.395767210696106,-0.181363279492965,-0.175588500321632,-0.540246354402052,-0.0245729151792548,-0.00444080158549874,-0.302683991625994,-0.140282397514072,-0.140694337749054,-0.497958214630927,-0.142901770220719,-0.102394630561243,-0.0883751165354477,-0.561493338718929,0.563316895962356,0.48960234998542,-0.0831190124567936,0.780897447270859
"Terrestrial_Total_Live_Density",-0.686859368458858,0.698813914744279,-0.0915433851675879,0.337324220538367,-0.190101618901017,0.569084705159612,0.539348923367068,0.572541084408043,-0.402442572060285,-0.329260252600403,-0.0643665748457388,-0.0811875342128456,-0.175240328982137,-0.212118911750022,-0.0739807889474394,-0.139191646333984,0.0335133198399264,1,-0.235952212529073,0.00946601751677887,0.0180805198265363,0.795930621769834,-0.100271403151389,-0.0425748417330403,0.476901380669032,-0.179189391190137,-0.234182530071358,-0.141603443304646,-0.0204694004978263,0.309728862672152,0.348390793698235,-0.16117781560552,0.386063500955799,0.13767243731749,0.225757514781293,0.122644076038212,0.450874916612696,0.42984682087708,0.57245604008362,0.572541084408043,0.94296962034722,-0.253193028268043,-0.276851841844143,-0.71647125930477,0.0378721826679853,0.0235636050007214,0.131655084167149,-0.0981592473041729,-0.0355062633915757,-0.327305814031283,0.60085872282494,-0.108397598466608,-0.103923511374709,-0.221411612014248,-0.0425748417330403,-0.0797608570773834,0.329404708924938,-0.148329334904703,-0.165451249764826,-0.217163260809632,-0.261448611741138,-0.248711395725854,-0.574390707978172,-0.0330855407057013,-0.0264998338925316,-0.111100629326507,0.28997793310047,0.298846440606992,0.380569716811924,-0.370652469916602,-0.0965374594956554,-0.0756256546314788,-0.457484352807078,-0.0944526921614629,-0.267059840400941,-0.061731580726214,-0.186123455388521
"Terrestrial_Ash_Live_Density",0.135442531706236,-0.285703067462719,-0.599573052338684,-0.170284166709548,-0.0487594776116668,-0.138372796168029,-0.0839720200877172,-0.18859923251214,0.170105276112818,0.324562066571787,-0.096420133773256,-0.0287913026743779,0.134379725041226,-0.119999289947131,-0.0950083700634067,-0.115905150977423,0.0922653717131517,-0.235952212529073,1,-0.19880981221628,-0.0446900759850889,-0.235072563232418,-0.142004063044367,-0.135829973346786,0.0966889281546654,0.0179640218964681,-0.120467923195128,-0.132873223239148,0.64565469229888,-0.135202901641839,0.229765633170442,0.604627482828134,0.00379340826581544,0.31705418569405,-0.182942657568055,-0.101332614071399,-0.137708930253462,-0.00535661345908166,-0.188440810125183,-0.18859923251214,-0.295931749828622,0.997602059649793,0.984964311150461,NA,-0.216573973987008,-0.208120479353516,-0.857484166569885,0.0582904469784615,0.00654061706708231,0.0931910706866526,-0.3509859558594,-0.155370698792191,-0.147687907767261,-0.725981549024174,-0.135829973346786,-0.513234522910236,0.0531189218411011,0.13785491988352,0.0768966485563386,0.259546030974198,-0.126183505465832,-0.123640198954802,-0.283241811714828,0.58884951599576,0.622012111210193,0.337083592248213,-0.135720535487626,-0.135543545898419,-0.513234522910236,0.265282943532004,-0.111046900646876,-0.101752686684112,-0.513234522910236,0.155175717930506,0.332665769351039,-0.242396385966944,0.323849660584014
"Terrestrial_Elm_Live_Density",0.140353217358373,-0.0685679173112915,0,-0.555839348551145,0.329584528453619,-0.316361682900369,-0.33117499233877,0.00250948140109042,0.139223556230985,-0.0259605413816719,0.640281039746078,-0.0338226790242909,-0.0762320409367524,0.0859760372782483,0.213124855807407,-0.103655828413,-0.156198356615099,0.00946601751677887,-0.19880981221628,1,0.0244047353353755,-0.301745030313655,-0.189682148086406,0.237456569712646,0.0200714181799889,-0.0679844166454908,0.568367233045893,0.753221133513599,-0.158302046760354,-0.182113696402688,-0.0377961968843056,-0.160089336556638,0.0535091975043999,0.185195739783469,-0.301166711987459,-0.174062162362262,-0.136207989555682,-0.464520427494783,0.00283083242156932,0.00250948140109042,0.136191301710936,-0.20653175490667,-0.216285397991692,-0.720508667682298,0.981088930861501,0.995094165132844,NA,-0.17073702436107,-0.0685486474754232,-0.493760252835913,-0.449049364003886,-0.204484834107299,-0.19604061645804,-0.633306269250527,0.237456569712646,0.31328240815354,0.154002835068515,-0.00263239262125444,-0.0364543265065167,0.0575195474236654,0.576776861300234,0.574809621067809,0.501846432815234,-0.179867073251918,-0.169196610716772,-0.543406341797431,-0.182810931535179,-0.182572532596074,-0.614033957745975,0.274605665991178,0.613042805843419,0.632957282578235,0.426524192187648,0.159591854267712,-0.186561750169513,-0.129273266220123,0.0463952251048447
"Terrestrial_Basswood_Live_Density",0.358761483442448,-0.663568239725002,0.0174457143570014,-0.201354132256849,-0.0992803510269981,0.0387038473846151,0.0927733909463186,-0.423356892422184,0.258432400095529,0.351152845700067,-0.118905690254862,0.395249770180414,0.523994888397212,-0.148818485202864,0.380939203456312,0.600864051161983,0.0254395652744377,0.0180805198265363,-0.0446900759850889,0.0244047353353755,1,-0.164359913422229,0.28130665780936,-0.168451087398267,-0.341260782046536,-0.166347935726769,-0.166519010158549,-0.164784240099954,-0.149750277776816,0.000662740779787922,-0.0489904087384209,0.594045647113386,-0.0182390480653381,0.201749223654895,-0.123652076063078,0.0513699398824469,-0.228296463844914,0.219391522278725,-0.423404750160749,-0.423356892422184,0.0768921319727622,-0.0489953679266161,-0.0550321213649605,-0.148831542813485,0.146208293825059,0.0876802097920741,0.249600837011097,0.87741905521161,0.972102031411877,0.870599714631879,-0.106981115192132,0.254800819871474,0.268942196174296,0.115034185671414,-0.168451087398267,-0.648332335592231,-0.489214672574839,-0.213314835204101,-0.19078777356741,-0.832853699553764,-0.175813676311113,-0.171809047118705,-0.438947279239158,-0.172866810295125,-0.161333794341104,-0.720457951196324,0.000277129788883261,0.000448193089991057,-1.77289649668286e-08,0.306476672031912,-0.133693599964505,-0.124365105902868,-0.599012557094855,0.316736888758484,0.330540233940856,0.540465917442641,0.25183200117158
"Terrestrial_Oak_Live_Density",-0.688950947453427,0.771758378683986,-0.254333863274792,0.471536006723986,-0.187059072332287,0.60251737999489,0.557790609386791,0.584949307736135,-0.341004992566403,-0.29280735726143,-0.153811719242821,0.0060504541290139,-0.116646148955998,-0.143265274276085,-0.205870568535105,-0.179281026601032,0.238124085732931,0.795930621769834,-0.235072563232418,-0.301745030313655,-0.164359913422229,1,-0.1394214050178,-0.219776628709798,0.0776503046678082,-0.162285497752436,-0.237738875286748,-0.214992525800972,-0.129187543514225,0.420146630707079,0.158169196087834,-0.19813255777874,0.00505940765151519,-0.0874062838547044,0.340765388225799,0.183309472122936,0.2919350531863,0.491701653186767,0.584663883766382,0.584949307736135,0.661441630354854,-0.242237926907373,-0.250830680973984,-0.794379753379173,-0.297275560099734,-0.30270001761246,-0.325566729548163,-0.110511022414905,-0.144933621020016,-0.0858014724867251,0.9052712429792,-0.129919249731502,-0.135516710108408,-0.0608588132274063,-0.219776628709798,-0.730254512868531,0.0174395029179133,-0.224366769846928,-0.19405940469586,-0.653374708677678,-0.257465464092339,-0.248474725464673,-0.665294022335004,-0.105383993804895,-0.11860789124152,-0.0277101118265466,0.39648121616322,0.407126360567664,0.454396648258001,-0.396884338579645,-0.166493018787961,-0.158658251604997,-0.513031232948205,-0.0858908206312806,-0.0977118105321066,-0.102651838144862,-0.0912499264706675
"Terrestrial_Cherry_Live_Density",0.0520189428059688,-0.0372208188573951,0.277428872121943,0.383053209149073,0.168560606060606,0.28201045928688,0.256272879777119,-0.114463489208151,0.0154548715127172,-0.13974781379088,-0.0915947141643189,-0.00688038248787144,-0.16040378350231,-0.11545114089643,-0.187576748703949,0.307825834265467,-0.0880080818198781,-0.100271403151389,-0.142004063044367,-0.189682148086406,0.28130665780936,-0.1394214050178,1,-0.130681818181818,-0.258191884743708,-0.127764863965924,-0.0446936243933485,-0.127837133238908,-0.107138255096605,0.332651376201017,-0.444143907440662,-0.209668808897235,-0.228477761954736,-0.426381718446767,-0.321949016046723,-0.381464742292143,-0.171092784013311,0.254318845148162,-0.11468549532755,-0.114463489208151,0.00488087910773409,-0.147519621981861,-0.154486365384099,-0.591056284108279,-0.203723016837473,-0.197361859467395,-0.557144529673596,0.459337327900556,0.390508827462524,0.59487750029805,0.0309528285979926,0.994313115751327,0.998842386265603,0.689975732530086,-0.130681818181818,-0.497473119936179,-0.368678712571102,-0.161823547810715,-0.145681803335394,-0.493168959071714,-0.0111732449965958,-0.0287992431280376,0.227801603317717,-0.117705061974467,-0.112617235425362,-0.308134028672012,0.361025723110231,0.348585935834438,0.40494230186391,0.206279624804733,-0.0998167604550676,-0.0947111605921091,-0.322375344443938,0.114635999134388,-0.113118896886884,0.325902477925594,0.106450697623236
"Terrestrial_Hickory_Live_Density",0.169043206741384,-0.244329459116688,0,-0.446326287744751,-0.0833333333333333,-0.139836807124022,-0.106355609733215,-0.141019018704442,-0.195894041118992,-0.0888583909708275,-0.088732379346684,0.140454297276016,-0.147637349248511,-0.110431526074847,0.208211742564682,-0.145804406756964,0.197324227934523,-0.0425748417330403,-0.135829973346786,0.237456569712646,-0.168451087398267,-0.219776628709798,-0.130681818181818,1,0.200139185665771,0.0282779376986954,-0.1481624260711,-0.12227899701113,-0.113592366849413,-0.12442292587426,-0.00953714653608144,-0.178483040747732,0.133708471330745,0.144036732509851,-0.182878544854066,-0.0852666800825534,-0.227056137153746,-0.0971742505880646,-0.140838528398792,-0.141019018704442,-0.0372889976318138,-0.141105725373954,-0.147769566889138,-0.525473599482842,0.240007877633464,0.242516459660088,0.212873513713619,-0.263122003111516,-0.216996812379868,-0.591376059693278,-0.345391510821418,-0.142982707501823,-0.135912479521549,-0.604056602501374,1,0.9999,0.309245095932914,0.150859975277783,0.0886090694876917,0.275215522152211,-0.164417891643215,-0.156795373712732,-0.604056602501374,-0.132759355543675,-0.123146502193863,-0.525473599482842,-0.12489928782243,-0.124736409938368,-0.453710215085931,-0.0212464845696878,-0.10219292722248,-0.0936397580160088,-0.453710215085931,0.256109154273392,-0.0902939005500922,-0.0726910458722733,0.254250108850147
"Terrestrial_Acer_Live_Density",-0.303511267690453,0.235736610004171,0.191278786602438,0.150862686694063,-0.177524588415401,0.0229456618625886,0.0226506086054537,0.249842290093368,-0.32778529466741,-0.237157846628104,-0.0527424514038485,-0.298971092352362,-0.282533026558742,-0.187302336444476,-0.0621847222793993,-0.244415305986169,-0.208859850525677,0.476901380669032,0.0966889281546654,0.0200714181799889,-0.341260782046536,0.0776503046678082,-0.258191884743708,0.200139185665771,1,-0.0489596738180462,-0.202500110253002,-0.144679986904731,0.321747914783718,-0.256616221391139,0.516698892113198,-0.174627680052173,0.585061076234024,0.266709469263604,0.179004050669306,0.0877079247753047,0.606461162984803,-0.0551857009500436,0.250053596408604,0.249842290093368,0.469298167071546,0.0892872769708368,0.0773385162344299,0.0464863964891776,0.00660662321581902,0.0137344363447435,-0.00371316170588257,-0.512515941815273,-0.431956132345877,-0.81015376388606,-0.0916195004319158,-0.260776637945561,-0.259746288803754,-0.381953057646782,0.200139185665771,0.305621167523478,0.904089255935133,0.0990327185391193,0.022340319040138,0.306261322938733,-0.220110863657186,-0.211864814837133,-0.530999720050051,0.305035847639181,0.315419250719843,0.282355773231697,-0.257598694695758,-0.257262766997044,-0.79421665015488,-0.380573288823126,-0.0596144718861769,-0.0552714789402201,-0.15474379001493,-0.318175649643927,-0.316322649633293,-0.190621514947902,-0.418582084095106
"Terrestrial_Beech_Live_Density",-0.179570531390972,0.440091430647666,0.243814790903991,-0.0399879190752827,-0.150815667726376,-0.182269808996748,-0.208486330112822,0.286204865355471,-0.256975395056147,-0.174223391502377,-0.0859916394061917,-0.219226337700908,-0.185025383696026,0.901857655174568,-0.0855564713743477,-0.170334048706252,-0.142239105049666,-0.179189391190137,0.0179640218964681,-0.0679844166454908,-0.166347935726769,-0.162285497752436,-0.127764863965924,0.0282779376986954,-0.0489596738180462,1,-0.14747842045116,-0.121714484648757,0.10664364137746,-0.123848515864893,0.367610630239238,0.108304648818903,0.488909897979812,0.27925607412696,0.320384793726606,0.373196198614153,-0.0102174924203599,-0.226841576080437,0.286168659674946,0.286204865355471,-0.162032335220781,0.0119651858692647,0.00282766870795662,-0.0540833860134483,-0.0791262332415895,-0.0728135477007752,-0.215816829470457,-0.254387337260164,-0.212362303905336,-0.766455291171209,-0.0601274053450926,-0.135357323658644,-0.131086327351648,-0.498097700560015,0.0282779376986954,0.0513304347405989,-0.119748012287516,0.946345605353451,0.987977555969214,0.780995681871721,-0.163658841154606,-0.156071513287089,-0.743152047619596,0.0872557757972283,0.0980333307020326,0.0246051957047987,-0.124322678643825,-0.124160552700663,-0.543826456090239,-0.344644238034675,-0.0877433733907612,-0.0868669684784455,-0.215670872551718,-0.152566389315619,-0.258909599174461,-0.115422389036732,-0.08927308267323
